922460
579229
193364
892215
808216
184949
857528
162028
505004
547529
566731
59959
540687
222438
24385
390945
86939
605012
609843
329182
158071
174627
871670
80541
95059
449495
287989
498115
648896
883876
986396
844337
546681
777730
873203
592930
552938
46597
975409
951184
807308
620240
606052
732738
169372
336141
442448
4000
423443
286212
613793
477545
944297
144476
624023
882614
811095
971313
127490
175926
696421
173049
640953
480895
228349
630209
260593
567093
141561
481798
120959
967728
610152
31927
732905
215933
437780
103341
677942
327860
1248
713489
823273
207751
175517
693693
561864
264017
98398
256213
776355
521130
614046
698843
374444
914439
175680
417952
605032
641869
553898
322699
742854
969633
651715
136247
310684
305982
509366
493889
891146
876435
561629
43711
922524
247493
864687
394642
438751
751206
111925
773449
48541
416096
532416
476132
336322
328175
486278
467997
796869
642021
677831
548007
51858
751166
528842
784112
880516
453878
577134
632986
131470
424012
477568
224181
316815
84348
42474
7877
634950
486063
69569
478413
843811
997176
96281
812784
735679
334409
194274
303932
792190
989484
462552
944883
141615
340437
384394
532105
333070
462721
863327
638075
457855
262372
693303
498889
770492
919456
379672
963254
563786
220247
492601
358778
904539
421842
309522
268659
512126
165651
504858
774730
572471
458663
551946
13678
639862
191327
578319
318015
500108
975708
259437
978139
523767
138541
380824
199682
182019
956228
270839
409857
400099
440023
975586
240984
603517
85980
753190
762213
540910
316526
325746
981963
613277
468914
997192
54892
355910
794144
908197
154296
992682
102839
234823
449297
969278
11067
209185
936326
430145
788014
715229
158398
395725
655058
284299
686767
497805
84763
937743
501280
822835
238830
468396
730782
944324
923926
297350
400700
922549
122334
250312
560001
137695
606536
364905
805765
670799
568139
123851
577622
312642
763286
465934
312817
783822
978805
466463
808427
300577
487930
129426
410325
56184
5064
396080
879906
565321
121604
82853
764613
766788
102535
76684
536244
573006
966442
719674
315668
319526
159497
625117
612569
333090
683988
973619
582859
27673
657859
739831
198303
883674
831536
391497
174829
605267
707512
842151
483908
929341
350258
60979
102967
129624
500287
893122
714823
258490
645637
693660
607913
670351
136045
598571
633634
911229
440841
594556
846916
232642
406137
318344
790536
894932
266706
713683
117607
500928
829927
995476
639754
102270
819274
208389
222601
837720
932866
914398
74548
133934
831840
320054
642081
759670
34676
787020
859256
781452
432886
921513
624633
921201
378344
534528
989387
67995
937717
312128
73909
809783
516287
277248
406514
907439
955877
492678
533666
58713
752251
175920
468569
738953
931210
298957
659215
762713
8043
271118
860508
258076
222018
93486
592514
443129
710040
428812
648309
294368
106080
23959
297763
619698
418265
232555
906423
478356
676562
511852
133258
536011
753838
235300
782876
635050
511997
815513
396061
94484
571741
39912
844190
258014
970309
557321
556478
307695
634421
498892
885832
897207
902215
997955
21877
73697
559733
294482
299525
405035
3728
719156
530460
310219
958423
805152
906364
339685
921600
921381
259234
397415
673824
129320
823756
791630
134317
330128
358510
764602
653622
594396
194424
744791
688052
557981
653956
878807
929025
72524
90176
599140
310903
787787
794801
773973
641841
629165
753319
592009
288244
682176
995518
141331
556714
950145
172032
273741
462692
234920
695931
439574
160528
33103
595964
791323
677480
51531
215095
200768
613880
511565
840693
336630
95608
883130
403888
503749
402389
755831
325870
975736
124397
577763
200710
860777
604517
373109
362705
283196
466579
926198
928586
288320
934410
604604
198002
165101
947234
529456
379839
276609
963589
735395
269417
966708
270707
917470
542862
562720
874604
942891
459265
228383
299602
365935
516423
967550
107730
347371
824826
400375
882132
328849
644524
498321
993680
465392
320012
553090
813331
466287
773619
851394
981113
75039
529719
955510
995836
764789
129114
669023
204478
949662
494877
196376
137132
350845
421297
340847
280906
330464
659300
114358
664461
706557
873207
923086
622069
772090
680439
946634
763027
316138
885997
595618
387651
987844
164538
330363
117329
194383
450849
978852
714620
439033
692404
124480
322434
41345
118395
564752
622962
604431
807581
831179
41096
864530
870491
562322
779612
379574
454824
818027
274672
203961
653323
848289
470917
109778
788220
842738
195458
742999
37780
593206
549541
826325
350861
964007
236138
89152
45057
747157
473411
235893
719333
12439
695864
49665
501081
353503
748842
968536
355813
643999
621341
849245
335966
214128
3373
31335
339139
794451
537259
241705
450607
459949
544483
290488
707319
811386
389671
339534
726071
361176
664348
551167
794008
109831
438636
98673
296959
917132
273814
607142
198529
756440
223936
910998
77348
902267
797761
666969
650291
52711
984870
585271
975081
356098
333461
361853
689763
902377
100787
268138
931437
971290
588235
610957
737817
72411
556266
652441
933526
595776
71487
740613
231841
38991
28858
307724
682829
366596
932009
765208
852698
894384
173205
268523
4441
639613
969865
207889
126614
647966
3723
405893
656835
644429
889986
241406
935426
664751
648957
851749
276522
969472
763173
316396
505745
181288
56869
105993
683018
787402
827289
633730
319581
18495
316033
768959
641048
531796
311201
886269
298840
29091
837246
429144
755794
107082
601304
289455
707141
530480
601086
708358
114238
672774
816435
629347
55579
907318
717455
290593
341200
199485
20089
5203
499972
255665
582738
269532
906283
769481
106026
52717
626760
295379
132963
282626
115483
815863
631322
829714
915005
55128
371282
496461
331654
234846
688470
289653
259692
508613
638895
720576
423250
248229
188084
609774
979591
558860
195596
318434
423927
498730
225602
149139
491760
834245
617017
596571
673040
122007
410316
393726
336734
855575
88492
395662
358040
90859
44502
64516
76820
670419
433365
68401
920013
526012
795965
223595
507843
18167
896477
239191
192056
149745
14710
128940
538346
686142
973514
690060
26584
541054
651968
172841
605861
670303
713235
487422
632593
964588
996426
308975
576330
959935
705096
537485
578211
206293
205749
854813
337649
377829
344842
419969
526466
499059
872376
31200
906007
593545
480785
357786
964269
37990
252025
532178
551122
897022
488431
285802
934018
748857
816859
372410
257631
121733
690250
984044
605450
722895
891411
732582
137444
798407
81152
216342
204539
143489
118352
236036
694725
557563
202676
76235
922527
62932
711784
559669
762112
947506
933796
450410
283385
87098
600566
278260
184359
689799
537975
162181
990581
744553
769789
339690
526747
507941
501620
32747
749296
827753
138231
91615
569216
819176
735795
773349
814540
270435
325178
223688
532608
736149
709361
785520
449900
80395
318604
45632
85973
94300
455191
597651
671240
536485
152327
667832
124514
18650
182192
810276
532798
206660
66017
