429251
991220
44779
785751
271682
243478
485931
866247
247002
125500
470258
339888
966778
702925
255940
186821
790380
921375
976806
961503
160316
380936
57185
743128
481880
617857
795163
132400
689075
406293
331341
186149
886472
223625
776548
168364
729441
338586
385033
666488
816763
818473
422691
174269
939359
568624
542496
419830
306657
954673
761032
959766
465423
566756
92940
171067
324778
179291
802802
143092
590898
342785
967094
985642
286260
532801
16694
99582
655422
318149
366311
390593
2237
751863
187420
211838
88404
975747
205668
997041
866670
676277
623419
866693
168720
213203
610826
366502
344078
933679
285274
998903
346449
211398
962158
950780
608414
261090
196114
538572
795586
542342
721068
387470
582719
869824
111372
942298
997496
173683
216443
706081
238685
537201
392428
687752
466280
160923
736137
184061
606638
574629
754478
585173
533554
430986
315679
141728
168736
222660
68803
432649
838572
760563
988909
66111
974811
652591
439097
844112
151606
84945
247625
513829
765665
176415
270699
493368
123851
979437
648191
639062
799397
176389
859087
565890
226224
262936
824582
173467
826875
698705
670585
754496
488770
963639
708869
611777
485707
897858
521526
89042
344785
149880
827535
527252
983952
941872
954046
816999
511502
828680
657033
342287
473833
599720
492766
124208
742578
778661
474875
775569
312329
710961
964662
804412
440271
484241
185441
271166
595587
970477
619178
111497
913371
870987
860614
192984
660890
762184
168826
798552
702468
486076
545544
249338
279247
965381
851869
882166
152168
38900
674907
504365
44446
682389
485447
48606
95537
71649
942185
496623
142587
821392
989793
901842
482173
985022
156181
573056
403032
428741
782698
268440
622118
262679
430992
176290
212749
296444
567119
611204
619356
817300
563323
655257
870835
743941
607293
988711
304395
141196
15403
11163
40044
32673
848374
573285
332515
86513
244834
357713
854962
928720
64104
527770
477897
732162
113942
80376
69484
299084
290079
746791
948435
996549
522774
778293
89886
51163
68587
491649
258714
401563
718521
153336
757851
86943
348912
564252
972796
476984
494661
648209
33983
204493
378430
149918
421712
188229
283196
911163
872907
261644
400954
996396
693590
618538
620231
564361
345331
202465
637113
758897
544635
909763
493174
560677
111591
334970
393661
891976
176780
495958
547283
933964
886690
790578
208237
68019
252871
224569
563512
38717
906805
977524
172680
124778
16555
358718
554090
510739
450726
497215
937935
335011
322680
598255
732688
821225
693579
987869
40154
450363
861821
356124
713244
165780
651146
946130
311191
604472
289005
414475
954149
542466
131959
738868
12947
982009
120081
134445
536296
541260
109139
348153
505881
391719
517036
17594
661902
535838
410896
766958
658422
787420
913463
721280
778238
606488
998233
164200
28937
290278
196510
348301
575994
158570
736599
301988
384569
380428
365396
640741
85495
939067
109468
675770
794216
683269
699952
935505
520830
223103
906470
263764
469831
967380
595414
728486
214495
862198
321293
527747
381501
247321
447815
562924
807791
764923
496468
176892
276179
479123
423508
244173
698475
376732
883744
288805
127872
785256
708664
129385
95668
696022
999529
940874
924034
647591
183706
288061
178953
238694
348845
129942
189615
10867
581596
964716
600955
864102
227861
229566
492273
579891
58312
514494
101464
134573
994857
508206
600220
467038
463545
451089
330618
924640
866763
982855
26206
357450
978966
797746
89398
830355
245290
233724
504204
187960
511574
419951
874449
462597
976191
807715
983748
553480
497734
171424
282053
538470
19358
53575
118825
353220
367918
684465
708099
780630
902386
118430
3137
993855
561961
705319
720889
396758
17800
224979
404166
915081
978998
854828
164474
312567
984633
346782
605722
304334
511676
970713
666992
215109
395912
260162
513132
713410
74858
182602
17894
659724
159761
896065
554252
775257
367407
191989
594690
167505
587052
488410
578258
847407
824058
660306
795795
640822
740859
788901
287919
960901
689035
278150
93241
465497
209786
162237
611702
829779
176582
422544
356000
909022
611350
277736
236235
625838
429577
122020
498767
508427
322503
486024
736827
49805
207856
889717
408105
867263
720604
210673
294918
487721
819467
978459
898384
892115
655013
14531
170237
911068
724352
970788
4662
211539
428043
529452
498462
634024
947121
847509
231089
148766
174250
313169
196329
819068
272015
512237
624471
11370
673968
62358
352044
599493
885293
401604
232370
311948
881906
797383
915675
256178
833245
669173
455797
394293
169490
969284
537690
711459
597893
333513
863749
747567
823335
967977
479395
480044
959689
347867
252597
582484
396926
370894
196966
108673
835932
804606
962135
526412
292001
219327
674403
13767
788275
697178
98582
629630
787719
931203
910604
541645
357292
470121
202100
245926
108649
575536
664477
845109
89374
557958
920334
715472
790456
611180
522707
896006
219005
60990
811728
735553
524896
623400
515790
398957
640794
571147
876617
483447
101689
163961
129980
255100
113339
286104
520292
526478
514744
760824
971156
211323
168256
818338
400911
907574
237576
312665
873861
374039
682634
331994
807537
461086
344203
267808
687906
374869
952511
370544
752671
129891
827832
957351
893045
772532
848851
611866
245925
894792
882533
638499
122794
476763
876023
994672
685268
338240
871774
193354
627037
806084
653452
35197
412565
63091
937958
277115
935082
886247
814790
453913
435256
847832
713393
365083
349817
566674
100244
133345
995796
144300
284952
204443
84352
588010
362449
217975
590303
488662
950106
444720
831773
319772
561085
839441
594171
787617
702076
95552
15932
834863
54078
932635
639072
658436
515052
981795
618142
730690
656615
635285
433447
125530
766222
921424
119420
13320
448784
251284
302045
304367
529582
406054
382949
7659
839362
322049
946906
827312
34406
600674
886847
195380
575375
728119
39193
813356
932960
313473
110197
141053
432236
630527
818225
65678
190562
502269
527397
263607
672540
308265
642573
711711
813393
4628
159125
399629
630541
113821
774390
113771
429875
290319
435316
161511
241935
307462
560987
143596
254665
451396
128717
105610
114780
765572
464722
847676
490833
385227
575976
741094
131789
757388
448601
909981
736834
486164
538117
760218
292243
952384
565318
24075
317625
287708
934617
886150
133691
860628
821148
567060
924962
603174
156365
14010
977461
394371
441973
383584
539598
818329
185551
663738
238357
941678
206657
795105
637369
128216
192442
48235
167203
266242
650990
835034
115929
217936
168430
112733
650586
128367
823424
342712
42018
658689
136533
895624
774013
550392
267248
856329
467087
282023
324269
801454
510332
546574
983596
439763
250892
607825
15406
57340
285984
459458
450239
613251
137186
277463
925484
158818
218481
175243
321199
728619
83839
446533
559748
147612
831736
747214
919018
619193
547571
217486
924157
154760
242699
406303
979426
839774
644951
617464
531452
857541
239662
357363
398216
857977
171345
983138
395727
47303
258146
703986
21549
59341
